experiment_016
Final models for GLM, Ridge and Lasso

0.25
None
Mape 0.3657264841518204
Mdape 0.17910240231393476
Mae 22.23856074442251
Mape deciles
1.748863134770659
0.3839748726739487
0.24655666125375997
0.20242568657885868
0.17831610740682502
0.2038148258767337
0.17845791950545797
0.1566717446195813
0.12727441700923023
0.22803595246069638
Mdape deciles
0.7003646521957843
0.31638741053833636
0.1934207137001659
0.14199185708132836
0.11039514248042209
0.16463696968072905
0.15645000139638918
0.09844267274243163
0.08238260339930761
0.19415194370016453
Coefficients:                            OLS Regression Results                            
==============================================================================
Dep. Variable:          avg_UF_per_m2   R-squared:                       0.154
Model:                            OLS   Adj. R-squared:                  0.134
Method:                 Least Squares   F-statistic:                     7.913
Date:                Tue, 17 May 2022   Prob (F-statistic):           2.67e-80
Time:                        23:05:21   Log-Likelihood:                -19811.
No. Observations:                3653   AIC:                         3.979e+04
Df Residuals:                    3570   BIC:                         4.030e+04
Df Model:                          82                                         
Covariance Type:            nonrobust                                         
==================================================================================================
                                     coef    std err          t      P>|t|      [0.025      0.975]
--------------------------------------------------------------------------------------------------
TOTAL_PERS                        -0.0058      0.006     -0.982      0.326      -0.017       0.006
TOTAL_VIVI                        -0.4038      0.825     -0.489      0.625      -2.022       1.214
SHAPE_Leng                       -54.0221    165.476     -0.326      0.744    -378.459     270.415
SHAPE_Area                      9.738e+04   1.74e+05      0.559      0.577   -2.44e+05    4.39e+05
dissimilarity                      0.2077      0.973      0.214      0.831      -1.699       2.115
correlation                       25.0840     61.247      0.410      0.682     -94.999     145.167
homogeneity                       58.5770     77.887      0.752      0.452     -94.131     211.285
energy                           -40.8672     71.863     -0.569      0.570    -181.764     100.030
green                             -0.1756      0.182     -0.965      0.335      -0.532       0.181
VIV_PART                           0.3382      1.088      0.311      0.756      -1.795       2.472
VIV_COL                           -0.7420      1.354     -0.548      0.584      -3.397       1.913
VPOMP                              0.5683      0.768      0.740      0.459      -0.937       2.074
CANT_HOG                           0.1465      0.212      0.690      0.490      -0.270       0.563
P01_1                              0.1395      1.379      0.101      0.919      -2.564       2.843
P01_2                              0.0643      1.379      0.047      0.963      -2.639       2.767
P01_3                             -1.4039      5.435     -0.258      0.796     -12.060       9.252
P01_4                              0.0664      1.413      0.047      0.962      -2.704       2.837
P01_5                              0.7298      1.489      0.490      0.624      -2.190       3.650
P01_6                              0.0484      7.677      0.006      0.995     -15.003      15.099
P01_7                              0.6936      1.585      0.438      0.662      -2.413       3.800
P03A_1                            -0.0907      1.106     -0.082      0.935      -2.260       2.078
P03A_2                            -0.0477      1.107     -0.043      0.966      -2.218       2.122
P03A_3                            -0.2242      1.138     -0.197      0.844      -2.454       2.006
P03A_4                            -0.6184      1.463     -0.423      0.673      -3.487       2.250
P03A_5                            -0.5005      1.462     -0.342      0.732      -3.367       2.366
P03A_6                             2.2250      6.103      0.365      0.715      -9.741      14.191
P03B_1                             0.9114      1.135      0.803      0.422      -1.313       3.136
P03B_2                             0.8942      1.142      0.783      0.434      -1.344       3.133
P03B_3                             0.7848      1.140      0.688      0.491      -1.450       3.020
P03B_4                             3.8675      2.310      1.674      0.094      -0.662       8.397
P03B_5                             2.9322      8.096      0.362      0.717     -12.942      18.806
P03B_6                             2.3312      5.783      0.403      0.687      -9.007      13.669
P03B_7                             2.4670      7.586      0.325      0.745     -12.406      17.340
P03C_1                            -2.0643      1.136     -1.818      0.069      -4.291       0.162
P03C_2                            -2.4207      1.592     -1.521      0.128      -5.542       0.701
P03C_3                            -2.0544      1.548     -1.327      0.185      -5.090       0.981
P03C_4                            -2.5286      1.917     -1.319      0.187      -6.287       1.229
P03C_5                            -1.9402      6.417     -0.302      0.762     -14.522      10.642
MATACEP                            0.3548      1.165      0.304      0.761      -1.930       2.640
MATREC                             0.9859      1.595      0.618      0.536      -2.140       4.112
MATIRREC                          -2.3033      6.259     -0.368      0.713     -14.574       9.968
P05_1                              0.1918      0.514      0.373      0.709      -0.816       1.199
P05_2                             -0.8817      1.995     -0.442      0.659      -4.793       3.029
ESCOLARIDAD                        4.7238      1.723      2.741      0.006       1.345       8.103
P17_1                           1.063e+04   3661.105      2.904      0.004    3452.410    1.78e+04
P17_2                           1.114e+04   3699.377      3.013      0.003    3891.336    1.84e+04
P17_3                           1.051e+04   3659.107      2.871      0.004    3332.154    1.77e+04
P17_4                           1.057e+04   3654.467      2.892      0.004    3402.568    1.77e+04
P17_5                           1.058e+04   3649.625      2.898      0.004    3419.777    1.77e+04
P17_6                            1.06e+04   3674.983      2.884      0.004    3394.361    1.78e+04
P17_7                           1.068e+04   3661.552      2.917      0.004    3501.800    1.79e+04
P17_8                           1.067e+04   3663.624      2.912      0.004    3484.345    1.79e+04
lat                              234.2493     75.891      3.087      0.002      85.455     383.044
lon                               77.6914     61.471      1.264      0.206     -42.829     198.212
NOM_COMUNA_CERRILLOS            2676.2630    919.525      2.910      0.004     873.415    4479.111
NOM_COMUNA_CERRO NAVIA          2646.7294    919.206      2.879      0.004     844.507    4448.951
NOM_COMUNA_CONCHALÍ             2639.8004    914.719      2.886      0.004     846.375    4433.226
NOM_COMUNA_EL BOSQUE            2674.9044    919.140      2.910      0.004     872.811    4476.997
NOM_COMUNA_ESTACIÓN CENTRAL     2665.0823    917.754      2.904      0.004     865.707    4464.458
NOM_COMUNA_HUECHURABA           2644.0207    913.309      2.895      0.004     853.361    4434.681
NOM_COMUNA_INDEPENDENCIA        2651.0999    914.620      2.899      0.004     857.869    4444.331
NOM_COMUNA_LA CISTERNA          2688.3618    917.586      2.930      0.003     889.315    4487.408
NOM_COMUNA_LA FLORIDA           2677.1020    913.943      2.929      0.003     885.199    4469.005
NOM_COMUNA_LA GRANJA            2673.2291    916.054      2.918      0.004     877.187    4469.271
NOM_COMUNA_LA PINTANA           2672.3948    917.168      2.914      0.004     874.169    4470.620
NOM_COMUNA_LA REINA             2670.8686    910.110      2.935      0.003     886.481    4455.256
NOM_COMUNA_LAS CONDES           2678.1894    909.065      2.946      0.003     895.851    4460.527
NOM_COMUNA_LO BARNECHEA         2663.4719    906.555      2.938      0.003     886.053    4440.890
NOM_COMUNA_LO ESPEJO            2666.1392    919.086      2.901      0.004     864.153    4468.125
NOM_COMUNA_LO PRADO             2665.0924    918.413      2.902      0.004     864.426    4465.759
NOM_COMUNA_MACUL                2672.7511    913.360      2.926      0.003     881.991    4463.511
NOM_COMUNA_MAIPÚ                2680.1984    922.605      2.905      0.004     871.312    4489.085
NOM_COMUNA_PEDRO AGUIRRE CERDA  2654.5702    917.130      2.894      0.004     856.419    4452.722
NOM_COMUNA_PEÑALOLÉN            2701.0870    911.510      2.963      0.003     913.955    4488.219
NOM_COMUNA_PROVIDENCIA          2681.8752    912.846      2.938      0.003     892.123    4471.627
NOM_COMUNA_PUDAHUEL             2677.6979    921.056      2.907      0.004     871.848    4483.547
NOM_COMUNA_QUILICURA            2640.8421    917.003      2.880      0.004     842.940    4438.744
NOM_COMUNA_QUINTA NORMAL        2656.8590    916.976      2.897      0.004     859.010    4454.708
NOM_COMUNA_RECOLETA             2648.2767    913.615      2.899      0.004     857.017    4439.536
NOM_COMUNA_RENCA                2651.9929    917.809      2.889      0.004     852.511    4451.475
NOM_COMUNA_SAN JOAQUÍN          2668.9233    915.171      2.916      0.004     874.613    4463.233
NOM_COMUNA_SAN MIGUEL           2677.3077    916.327      2.922      0.004     880.730    4473.885
NOM_COMUNA_SAN RAMÓN            2677.4928    916.954      2.920      0.004     879.686    4475.299
NOM_COMUNA_SANTIAGO             2663.4932    915.109      2.911      0.004     869.305    4457.681
NOM_COMUNA_VITACURA             2685.4664    909.319      2.953      0.003     902.629    4468.304
NOM_COMUNA_ÑUÑOA                2680.3297    912.497      2.937      0.003     891.263    4469.397
==============================================================================
Omnibus:                     9510.113   Durbin-Watson:                   1.991
Prob(Omnibus):                  0.000   Jarque-Bera (JB):        219496849.338
Skew:                          29.568   Prob(JB):                         0.00
Kurtosis:                    1202.410   Cond. No.                     1.39e+16
==============================================================================

Notes:
[1] Standard Errors assume that the covariance matrix of the errors is correctly specified.
[2] The smallest eigenvalue is 1.1e-23. This might indicate that there are
strong multicollinearity problems or that the design matrix is singular.