experiment_043
ALL!

0.25
None
Mape 0.23073214240505582
Mdape 0.17109805780805376
Mae 14.545255576367126
Mape deciles
0.6353915659520272
0.24011300087404783
0.1677468634350627
0.1606233509765813
0.17360998048736312
0.17568259196990124
0.19534921406228822
0.15184466815010841
0.1459824678309904
0.2589959802578391
Mdape deciles
0.5936641429791909
0.18336324936649764
0.10650234578375026
0.11705347333038998
0.1520784198736257
0.168375889661622
0.18469749536272115
0.12608025036797302
0.09751652153844625
0.24111927650712417
