experiment_043
ALL!

0.25
None
Mape 0.22961654101088566
Mdape 0.16774314135580484
Mae 14.421612257882103
Mape deciles
0.6223894919762745
0.2429037484469939
0.18047594817685436
0.1537173455341534
0.17185789349260666
0.18044361176090534
0.20617516198355967
0.1513992720189111
0.13921775727364843
0.24563594506133896
Mdape deciles
0.5512424175752602
0.18892305886676095
0.13297123423461815
0.12426290750985507
0.13644248731181818
0.17916837209678316
0.20159592192223305
0.12432474445216578
0.09483223455126194
0.2174328478079591
