experiment_034
NO OUTLIERS AND LOG transformation

0.25
None
Mape 0.23061136620078102
Mdape 0.16163856854042982
Mae 13.596508609840031
Mape deciles
0.6298839330056478
0.2577382730618435
0.17137845860706122
0.17490991177066312
0.16340560747402733
0.18897182337078505
0.2034092168363029
0.173040294040656
0.13161838667594425
0.20931910672246615
Mdape deciles
0.5121338042060117
0.20283084852936498
0.12921241035680647
0.10711165145074722
0.11493997952373432
0.1678472733094221
0.19665002531875297
0.1366309860175482
0.09041528696389184
0.18776519737224562
Coefficients:                            OLS Regression Results                            
==============================================================================
Dep. Variable:          avg_UF_per_m2   R-squared:                       0.589
Model:                            OLS   Adj. R-squared:                  0.578
Method:                 Least Squares   F-statistic:                     57.13
Date:                Thu, 19 May 2022   Prob (F-statistic):               0.00
Time:                        19:36:22   Log-Likelihood:                -727.31
No. Observations:                3642   AIC:                             1635.
Df Residuals:                    3552   BIC:                             2193.
Df Model:                          89                                         
Covariance Type:            nonrobust                                         
==================================================================================================
                                     coef    std err          t      P>|t|      [0.025      0.975]
--------------------------------------------------------------------------------------------------
TOTAL_PERS                        -0.0001   3.22e-05     -3.669      0.000      -0.000   -5.49e-05
TOTAL_VIVI                      3.007e-05      0.004      0.007      0.995      -0.009       0.009
SHAPE_Leng                         0.7829      0.924      0.847      0.397      -1.029       2.595
SHAPE_Area                       135.3185   1014.821      0.133      0.894   -1854.371    2125.008
dissimilarity                      0.0416      0.031      1.360      0.174      -0.018       0.102
correlation                       -6.5553      9.355     -0.701      0.484     -24.897      11.787
homogeneity                        3.9601      1.410      2.808      0.005       1.195       6.725
energy                            -3.9224      3.994     -0.982      0.326     -11.754       3.909
green                             -0.0037      0.002     -1.943      0.052      -0.007    3.43e-05
VIV_PART                          -0.0012      0.006     -0.205      0.838      -0.013       0.010
VIV_COL                            0.0012      0.007      0.159      0.873      -0.013       0.016
VPOMP                             -0.0021      0.005     -0.411      0.681      -0.012       0.008
CANT_HOG                           0.0014      0.001      1.220      0.223      -0.001       0.004
P01_1                              0.0019      0.007      0.252      0.801      -0.013       0.016
P01_2                              0.0015      0.007      0.199      0.842      -0.013       0.016
P01_3                              0.0077      0.030      0.260      0.795      -0.050       0.066
P01_4                              0.0006      0.008      0.081      0.935      -0.014       0.015
P01_5                              0.0025      0.008      0.313      0.754      -0.013       0.018
P01_6                             -0.0143      0.041     -0.349      0.727      -0.095       0.066
P01_7                             -0.0008      0.009     -0.095      0.925      -0.018       0.016
P03A_1                             0.0038      0.007      0.564      0.573      -0.010       0.017
P03A_2                             0.0036      0.007      0.521      0.602      -0.010       0.017
P03A_3                             0.0045      0.007      0.646      0.518      -0.009       0.018
P03A_4                             0.0115      0.009      1.354      0.176      -0.005       0.028
P03A_5                             0.0097      0.008      1.145      0.252      -0.007       0.026
P03A_6                             0.0496      0.030      1.631      0.103      -0.010       0.109
P03B_1                             0.0047      0.006      0.734      0.463      -0.008       0.017
P03B_2                             0.0042      0.006      0.661      0.509      -0.008       0.017
P03B_3                             0.0042      0.006      0.661      0.509      -0.008       0.017
P03B_4                             0.0053      0.014      0.380      0.704      -0.022       0.033
P03B_5                             0.0440      0.044      1.001      0.317      -0.042       0.130
P03B_6                             0.0474      0.030      1.586      0.113      -0.011       0.106
P03B_7                             0.0230      0.040      0.580      0.562      -0.055       0.101
P03C_1                            -0.0053      0.007     -0.763      0.445      -0.019       0.008
P03C_2                             0.0043      0.009      0.482      0.630      -0.013       0.022
P03C_3                            -0.0004      0.009     -0.041      0.967      -0.018       0.017
P03C_4                             0.0039      0.011      0.366      0.715      -0.017       0.025
P03C_5                            -0.0243      0.035     -0.694      0.487      -0.093       0.044
MATACEP                           -0.0012      0.007     -0.177      0.860      -0.015       0.012
MATREC                            -0.0061      0.009     -0.682      0.496      -0.024       0.011
MATIRREC                          -0.0574      0.032     -1.775      0.076      -0.121       0.006
P05_1                             -0.0010      0.002     -0.553      0.580      -0.005       0.003
P05_2                              0.0005      0.008      0.062      0.950      -0.015       0.016
ESCOLARIDAD                        0.0820      0.009      8.673      0.000       0.063       0.101
P17_1                          -1.818e+04   8216.810     -2.213      0.027   -3.43e+04   -2074.241
P17_2                          -1.818e+04   8216.792     -2.213      0.027   -3.43e+04   -2072.699
P17_3                          -1.819e+04   8216.794     -2.213      0.027   -3.43e+04   -2076.306
P17_4                          -1.819e+04   8216.784     -2.213      0.027   -3.43e+04   -2077.302
P17_5                          -1.818e+04   8216.766     -2.213      0.027   -3.43e+04   -2074.583
P17_6                          -1.819e+04   8216.774     -2.213      0.027   -3.43e+04   -2075.463
P17_7                          -1.818e+04   8216.857     -2.213      0.027   -3.43e+04   -2073.801
P17_8                          -1.818e+04   8216.798     -2.213      0.027   -3.43e+04   -2073.444
lat                             -687.5696    252.615     -2.722      0.007   -1182.855    -192.284
lon                             -319.6803    288.290     -1.109      0.268    -884.911     245.551
NOM_COMUNA_CERRILLOS           -4546.0784   2054.197     -2.213      0.027   -8573.603    -518.554
NOM_COMUNA_CERRO NAVIA         -4546.4663   2054.183     -2.213      0.027   -8573.963    -518.969
NOM_COMUNA_CONCHALÍ            -4546.3412   2054.199     -2.213      0.027   -8573.869    -518.813
NOM_COMUNA_EL BOSQUE           -4546.3672   2054.201     -2.213      0.027   -8573.899    -518.835
NOM_COMUNA_ESTACIÓN CENTRAL    -4546.1769   2054.199     -2.213      0.027   -8573.706    -518.648
NOM_COMUNA_HUECHURABA          -4546.1986   2054.200     -2.213      0.027   -8573.728    -518.669
NOM_COMUNA_INDEPENDENCIA       -4546.2284   2054.203     -2.213      0.027   -8573.764    -518.693
NOM_COMUNA_LA CISTERNA         -4546.0874   2054.205     -2.213      0.027   -8573.629    -518.546
NOM_COMUNA_LA FLORIDA          -4546.1496   2054.205     -2.213      0.027   -8573.689    -518.610
NOM_COMUNA_LA GRANJA           -4546.2876   2054.210     -2.213      0.027   -8573.838    -518.737
NOM_COMUNA_LA PINTANA          -4546.5010   2054.207     -2.213      0.027   -8574.045    -518.957
NOM_COMUNA_LA REINA            -4546.1091   2054.201     -2.213      0.027   -8573.641    -518.577
NOM_COMUNA_LAS CONDES          -4545.9658   2054.196     -2.213      0.027   -8573.489    -518.443
NOM_COMUNA_LO BARNECHEA        -4545.9682   2054.185     -2.213      0.027   -8573.469    -518.467
NOM_COMUNA_LO ESPEJO           -4546.4217   2054.204     -2.213      0.027   -8573.959    -518.884
NOM_COMUNA_LO PRADO            -4546.2448   2054.193     -2.213      0.027   -8573.762    -518.728
NOM_COMUNA_MACUL               -4546.1503   2054.209     -2.213      0.027   -8573.698    -518.603
NOM_COMUNA_MAIPÚ               -4546.0786   2054.175     -2.213      0.027   -8573.560    -518.598
NOM_COMUNA_PEDRO AGUIRRE CERDA -4546.5475   2054.208     -2.213      0.027   -8574.094    -519.001
NOM_COMUNA_PEÑALOLÉN           -4546.2508   2054.205     -2.213      0.027   -8573.791    -518.711
NOM_COMUNA_PROVIDENCIA         -4545.9986   2054.207     -2.213      0.027   -8573.542    -518.455
NOM_COMUNA_PUDAHUEL            -4546.1882   2054.176     -2.213      0.027   -8573.671    -518.705
NOM_COMUNA_QUILICURA           -4546.2696   2054.182     -2.213      0.027   -8573.765    -518.774
NOM_COMUNA_QUINTA NORMAL       -4546.2783   2054.198     -2.213      0.027   -8573.805    -518.752
NOM_COMUNA_RECOLETA            -4546.3229   2054.206     -2.213      0.027   -8573.865    -518.781
NOM_COMUNA_RENCA               -4546.2064   2054.187     -2.213      0.027   -8573.711    -518.702
NOM_COMUNA_SAN JOAQUÍN         -4546.2938   2054.210     -2.213      0.027   -8573.844    -518.743
NOM_COMUNA_SAN MIGUEL          -4546.1378   2054.207     -2.213      0.027   -8573.682    -518.594
NOM_COMUNA_SAN RAMÓN           -4546.2957   2054.208     -2.213      0.027   -8573.842    -518.749
NOM_COMUNA_SANTIAGO            -4546.2643   2054.206     -2.213      0.027   -8573.806    -518.722
NOM_COMUNA_VITACURA            -4545.8392   2054.199     -2.213      0.027   -8573.368    -518.311
NOM_COMUNA_ÑUÑOA               -4546.0523   2054.207     -2.213      0.027   -8573.596    -518.508
energy_sq                          6.6600      4.030      1.653      0.099      -1.242      14.562
green_sq                        7.934e-05    4.8e-05      1.653      0.098   -1.48e-05       0.000
correlation_sq                     3.9978      5.508      0.726      0.468      -6.802      14.798
homogeneity_sq                    -6.2549      3.752     -1.667      0.096     -13.611       1.101
dissimilarity_sq                  -0.0011      0.001     -1.289      0.198      -0.003       0.001
lat_sq                           -10.2885      3.773     -2.727      0.006     -17.687      -2.890
lon_sq                            -2.2713      2.041     -1.113      0.266      -6.273       1.730
==============================================================================
Omnibus:                      327.914   Durbin-Watson:                   1.956
Prob(Omnibus):                  0.000   Jarque-Bera (JB):             1936.491
Skew:                          -0.192   Prob(JB):                         0.00
Kurtosis:                       6.551   Cond. No.                     1.20e+16
==============================================================================

Notes:
[1] Standard Errors assume that the covariance matrix of the errors is correctly specified.
[2] The smallest eigenvalue is 6.63e-22. This might indicate that there are
strong multicollinearity problems or that the design matrix is singular.