experiment_035
NO OUTLIERS AND LOG transformation 2

0.25
None
Mape 0.22975560076343782
Mdape 0.16667787535203166
Mae 14.358559814988949
Mape deciles
0.6177323035820146
0.2430543296067944
0.18278743767085245
0.15888130454511093
0.17798780306507853
0.18947859942398013
0.2047158610737679
0.14995109978220836
0.13707967176204597
0.23401514084854433
Mdape deciles
0.5507022084980322
0.18441198878863566
0.1362075356533422
0.11143994865941781
0.13541293244845434
0.17904779893399944
0.20257705448164234
0.11918197865345467
0.09820053634010056
0.21266903727554987
Coefficients:                            OLS Regression Results                            
==============================================================================
Dep. Variable:          avg_UF_per_m2   R-squared:                       0.582
Model:                            OLS   Adj. R-squared:                  0.571
Method:                 Least Squares   F-statistic:                     55.53
Date:                Thu, 19 May 2022   Prob (F-statistic):               0.00
Time:                        23:53:46   Log-Likelihood:                -809.28
No. Observations:                3645   AIC:                             1799.
Df Residuals:                    3555   BIC:                             2357.
Df Model:                          89                                         
Covariance Type:            nonrobust                                         
==================================================================================================
                                     coef    std err          t      P>|t|      [0.025      0.975]
--------------------------------------------------------------------------------------------------
TOTAL_PERS                        -0.0001   3.29e-05     -3.519      0.000      -0.000   -5.13e-05
TOTAL_VIVI                         0.0010      0.005      0.216      0.829      -0.008       0.010
SHAPE_Leng                         0.9652      0.958      1.008      0.314      -0.912       2.843
SHAPE_Area                       232.7982   1035.864      0.225      0.822   -1798.150    2263.746
dissimilarity                      0.0679      0.031      2.196      0.028       0.007       0.128
correlation                      -15.9045      9.622     -1.653      0.098     -34.770       2.961
homogeneity                        3.5722      1.315      2.717      0.007       0.994       6.150
energy                            -2.4286      4.112     -0.591      0.555     -10.491       5.634
green                             -0.0032      0.002     -1.633      0.103      -0.007       0.001
VIV_PART                          -0.0043      0.006     -0.719      0.472      -0.016       0.007
VIV_COL                            0.0054      0.008      0.706      0.480      -0.010       0.020
VPOMP                              0.0055      0.005      1.203      0.229      -0.003       0.014
CANT_HOG                           0.0007      0.001      0.578      0.563      -0.002       0.003
P01_1                              0.0039      0.007      0.532      0.595      -0.011       0.018
P01_2                              0.0036      0.007      0.490      0.624      -0.011       0.018
P01_3                             -0.0009      0.027     -0.034      0.973      -0.055       0.053
P01_4                              0.0031      0.008      0.406      0.685      -0.012       0.018
P01_5                              0.0074      0.008      0.931      0.352      -0.008       0.023
P01_6                             -0.0192      0.042     -0.459      0.646      -0.101       0.063
P01_7                             -0.0023      0.009     -0.271      0.787      -0.019       0.015
P03A_1                             0.0006      0.007      0.097      0.923      -0.012       0.014
P03A_2                             0.0005      0.007      0.081      0.935      -0.013       0.014
P03A_3                             0.0014      0.007      0.203      0.839      -0.012       0.015
P03A_4                             0.0074      0.008      0.913      0.361      -0.009       0.023
P03A_5                             0.0084      0.008      1.028      0.304      -0.008       0.024
P03A_6                             0.0208      0.031      0.674      0.500      -0.040       0.081
P03B_1                            -0.0012      0.006     -0.192      0.848      -0.014       0.011
P03B_2                            -0.0015      0.006     -0.237      0.813      -0.014       0.011
P03B_3                            -0.0017      0.006     -0.275      0.783      -0.014       0.011
P03B_4                            -0.0019      0.012     -0.161      0.872      -0.025       0.022
P03B_5                             0.0317      0.049      0.650      0.515      -0.064       0.127
P03B_6                             0.0178      0.030      0.590      0.555      -0.041       0.077
P03B_7                             0.0018      0.039      0.045      0.964      -0.075       0.078
P03C_1                            -0.0102      0.007     -1.497      0.135      -0.023       0.003
P03C_2                             0.0011      0.009      0.122      0.903      -0.016       0.018
P03C_3                            -0.0040      0.009     -0.460      0.646      -0.021       0.013
P03C_4                             0.0036      0.010      0.347      0.728      -0.017       0.024
P03C_5                            -0.0294      0.035     -0.841      0.400      -0.098       0.039
MATACEP                            0.0059      0.007      0.886      0.376      -0.007       0.019
MATREC                            -0.0007      0.009     -0.085      0.932      -0.018       0.016
MATIRREC                          -0.0236      0.033     -0.722      0.470      -0.088       0.041
P05_1                             -0.0013      0.002     -0.730      0.465      -0.005       0.002
P05_2                              0.0030      0.009      0.345      0.730      -0.014       0.020
ESCOLARIDAD                        0.0794      0.010      8.187      0.000       0.060       0.098
P17_1                          -1.768e+04   8405.367     -2.103      0.036   -3.42e+04   -1198.336
P17_2                          -1.768e+04   8405.352     -2.103      0.036   -3.42e+04   -1197.945
P17_3                          -1.768e+04   8405.359     -2.104      0.035   -3.42e+04   -1201.619
P17_4                          -1.768e+04   8405.338     -2.103      0.035   -3.42e+04   -1200.772
P17_5                          -1.768e+04   8405.328     -2.103      0.036   -3.42e+04   -1198.769
P17_6                          -1.768e+04   8405.333     -2.103      0.036   -3.42e+04   -1199.983
P17_7                          -1.768e+04   8405.418     -2.103      0.036   -3.42e+04   -1197.792
P17_8                          -1.768e+04   8405.356     -2.103      0.036   -3.42e+04   -1197.590
lat                             -500.9800    257.685     -1.944      0.052   -1006.206       4.246
lon                             -390.1785    295.145     -1.322      0.186    -968.849     188.492
NOM_COMUNA_CERRILLOS           -4419.5976   2101.337     -2.103      0.036   -8539.545    -299.650
NOM_COMUNA_CERRO NAVIA         -4419.9692   2101.323     -2.103      0.035   -8539.889    -300.049
NOM_COMUNA_CONCHALÍ            -4419.8535   2101.339     -2.103      0.036   -8539.805    -299.902
NOM_COMUNA_EL BOSQUE           -4419.8964   2101.340     -2.103      0.036   -8539.850    -299.943
NOM_COMUNA_ESTACIÓN CENTRAL    -4419.6874   2101.339     -2.103      0.036   -8539.639    -299.736
NOM_COMUNA_HUECHURABA          -4419.7130   2101.340     -2.103      0.036   -8539.666    -299.760
NOM_COMUNA_INDEPENDENCIA       -4419.7406   2101.343     -2.103      0.036   -8539.700    -299.782
NOM_COMUNA_LA CISTERNA         -4419.6029   2101.345     -2.103      0.036   -8539.567    -299.639
NOM_COMUNA_LA FLORIDA          -4419.6706   2101.344     -2.103      0.036   -8539.632    -299.709
NOM_COMUNA_LA GRANJA           -4419.8636   2101.350     -2.103      0.036   -8539.837    -299.891
NOM_COMUNA_LA PINTANA          -4420.0529   2101.347     -2.103      0.035   -8540.020    -300.086
NOM_COMUNA_LA REINA            -4419.5785   2101.340     -2.103      0.036   -8539.532    -299.625
NOM_COMUNA_LAS CONDES          -4419.4737   2101.336     -2.103      0.036   -8539.419    -299.529
NOM_COMUNA_LO BARNECHEA        -4419.4913   2101.324     -2.103      0.036   -8539.414    -299.569
NOM_COMUNA_LO ESPEJO           -4419.9978   2101.344     -2.103      0.035   -8539.958    -300.037
NOM_COMUNA_LO PRADO            -4419.7201   2101.333     -2.103      0.036   -8539.661    -299.780
NOM_COMUNA_MACUL               -4419.6441   2101.348     -2.103      0.036   -8539.614    -299.674
NOM_COMUNA_MAIPÚ               -4419.5756   2101.315     -2.103      0.036   -8539.479    -299.672
NOM_COMUNA_PEDRO AGUIRRE CERDA -4420.0857   2101.348     -2.103      0.035   -8540.054    -300.117
NOM_COMUNA_PEÑALOLÉN           -4419.7395   2101.345     -2.103      0.036   -8539.702    -299.777
NOM_COMUNA_PROVIDENCIA         -4419.4987   2101.346     -2.103      0.036   -8539.465    -299.533
NOM_COMUNA_PUDAHUEL            -4419.7024   2101.316     -2.103      0.036   -8539.610    -299.795
NOM_COMUNA_QUILICURA           -4419.8164   2101.322     -2.103      0.036   -8539.735    -299.898
NOM_COMUNA_QUINTA NORMAL       -4419.8188   2101.338     -2.103      0.036   -8539.768    -299.870
NOM_COMUNA_RECOLETA            -4419.8254   2101.346     -2.103      0.036   -8539.790    -299.861
NOM_COMUNA_RENCA               -4419.6238   2101.327     -2.103      0.036   -8539.552    -299.696
NOM_COMUNA_SAN JOAQUÍN         -4419.8460   2101.350     -2.103      0.036   -8539.819    -299.873
NOM_COMUNA_SAN MIGUEL          -4419.6423   2101.347     -2.103      0.036   -8539.609    -299.676
NOM_COMUNA_SAN RAMÓN           -4419.8586   2101.348     -2.103      0.036   -8539.828    -299.889
NOM_COMUNA_SANTIAGO            -4419.7820   2101.346     -2.103      0.036   -8539.747    -299.817
NOM_COMUNA_VITACURA            -4419.3362   2101.339     -2.103      0.036   -8539.287    -299.385
NOM_COMUNA_ÑUÑOA               -4419.5536   2101.346     -2.103      0.036   -8539.519    -299.588
energy_sq                          3.7788      3.907      0.967      0.334      -3.882      11.440
green_sq                        7.068e-05   4.94e-05      1.432      0.152   -2.61e-05       0.000
correlation_sq                     9.3670      5.666      1.653      0.098      -1.741      20.475
homogeneity_sq                    -4.8691      3.455     -1.409      0.159     -11.643       1.905
dissimilarity_sq                  -0.0019      0.001     -2.155      0.031      -0.004      -0.000
lat_sq                            -7.4988      3.849     -1.948      0.051     -15.046       0.048
lon_sq                            -2.7701      2.090     -1.326      0.185      -6.867       1.327
==============================================================================
Omnibus:                      399.147   Durbin-Watson:                   2.022
Prob(Omnibus):                  0.000   Jarque-Bera (JB):             3524.136
Skew:                           0.082   Prob(JB):                         0.00
Kurtosis:                       7.814   Cond. No.                     1.20e+16
==============================================================================

Notes:
[1] Standard Errors assume that the covariance matrix of the errors is correctly specified.
[2] The smallest eigenvalue is 6.66e-22. This might indicate that there are
strong multicollinearity problems or that the design matrix is singular.