experiment_009
testing new changes in the evaluation folder organization

0.25
None
Mape 0.3668756942216554
Mdape 0.19281139456216365
Mae 20.226759201582368
Mape deciles
1.6078924004595676
0.425298133814074
0.3312596310841913
0.24196849811446985
0.1867090034494384
0.19726002912174562
0.20790184713993065
0.163601241557465
0.09417828835573411
0.21036097532330714
Mdape deciles
0.6634979069804614
0.3273672165451069
0.2689212306753324
0.1893849038145872
0.15453425661336562
0.1434034109237766
0.19296599018167193
0.1408858553413452
0.07319991961224925
0.18058735892807387
Coefficients:                            OLS Regression Results                            
==============================================================================
Dep. Variable:          avg_UF_per_m2   R-squared:                       0.086
Model:                            OLS   Adj. R-squared:                  0.065
Method:                 Least Squares   F-statistic:                     4.109
Date:                Tue, 17 May 2022   Prob (F-statistic):           9.71e-31
Time:                        22:03:02   Log-Likelihood:                -20978.
No. Observations:                3653   AIC:                         4.212e+04
Df Residuals:                    3570   BIC:                         4.264e+04
Df Model:                          82                                         
Covariance Type:            nonrobust                                         
==================================================================================================
                                     coef    std err          t      P>|t|      [0.025      0.975]
--------------------------------------------------------------------------------------------------
TOTAL_PERS                        -0.0058      0.008     -0.702      0.483      -0.022       0.010
TOTAL_VIVI                        -0.8501      1.212     -0.701      0.483      -3.226       1.526
SHAPE_Leng                       -75.6637    239.409     -0.316      0.752    -545.055     393.728
SHAPE_Area                      3.612e+04    2.4e+05      0.150      0.881   -4.35e+05    5.07e+05
dissimilarity                     -0.9850      1.349     -0.730      0.465      -3.630       1.660
correlation                       58.3637     85.472      0.683      0.495    -109.214     225.942
homogeneity                       21.0196    107.055      0.196      0.844    -188.876     230.915
energy                           -21.4761     97.912     -0.219      0.826    -213.445     170.492
green                             -0.2680      0.245     -1.092      0.275      -0.749       0.213
VIV_PART                           0.5637      1.746      0.323      0.747      -2.861       3.988
VIV_COL                           -1.4137      1.967     -0.719      0.472      -5.271       2.443
VPOMP                             -0.2649      1.128     -0.235      0.814      -2.476       1.947
CANT_HOG                           0.0892      0.277      0.322      0.748      -0.454       0.633
P01_1                              0.4361      2.269      0.192      0.848      -4.012       4.885
P01_2                              0.2987      2.272      0.131      0.895      -4.157       4.754
P01_3                             -1.7867     11.173     -0.160      0.873     -23.694      20.120
P01_4                              0.2901      2.338      0.124      0.901      -4.294       4.874
P01_5                              0.8523      2.802      0.304      0.761      -4.642       6.347
P01_6                              0.5917     11.300      0.052      0.958     -21.564      22.747
P01_7                             -0.1186      2.553     -0.046      0.963      -5.124       4.887
P03A_1                             0.3801      1.539      0.247      0.805      -2.637       3.397
P03A_2                             0.4005      1.537      0.261      0.794      -2.614       3.415
P03A_3                             0.2470      1.583      0.156      0.876      -2.856       3.350
P03A_4                            -0.9544      2.041     -0.468      0.640      -4.956       3.048
P03A_5                            -0.4271      1.988     -0.215      0.830      -4.326       3.471
P03A_6                             1.8886      8.755      0.216      0.829     -15.277      19.054
P03B_1                             1.3010      1.535      0.848      0.397      -1.709       4.310
P03B_2                             1.2981      1.547      0.839      0.401      -1.735       4.331
P03B_3                             1.2133      1.541      0.788      0.431      -1.807       4.234
P03B_4                             3.8916      3.202      1.215      0.224      -2.387      10.170
P03B_5                             2.8500     11.139      0.256      0.798     -18.989      24.689
P03B_6                             1.2554      8.414      0.149      0.881     -15.241      17.752
P03B_7                             1.9662     10.764      0.183      0.855     -19.138      23.071
P03C_1                            -0.6675      1.579     -0.423      0.672      -3.763       2.428
P03C_2                            -2.3240      2.184     -1.064      0.287      -6.605       1.957
P03C_3                            -1.4440      2.155     -0.670      0.503      -5.669       2.781
P03C_4                            -1.5641      2.769     -0.565      0.572      -6.992       3.864
P03C_5                            -2.2935      9.922     -0.231      0.817     -21.747      17.160
MATACEP                           -0.8756      1.607     -0.545      0.586      -4.026       2.275
MATREC                             0.2876      2.194      0.131      0.896      -4.014       4.590
MATIRREC                          -2.2842      9.188     -0.249      0.804     -20.299      15.731
P05_1                              0.0150      0.477      0.031      0.975      -0.920       0.950
P05_2                             -0.7446      2.538     -0.293      0.769      -5.720       4.231
ESCOLARIDAD                        2.9318      2.394      1.224      0.221      -1.763       7.627
P17_1                           1.246e+04   5137.662      2.426      0.015    2391.739    2.25e+04
P17_2                           1.267e+04   5196.230      2.438      0.015    2482.017    2.29e+04
P17_3                           1.244e+04   5130.832      2.425      0.015    2384.750    2.25e+04
P17_4                           1.239e+04   5126.965      2.416      0.016    2333.974    2.24e+04
P17_5                           1.244e+04   5120.865      2.429      0.015    2398.387    2.25e+04
P17_6                           1.235e+04   5159.896      2.393      0.017    2230.626    2.25e+04
P17_7                           1.255e+04   5137.660      2.443      0.015    2478.299    2.26e+04
P17_8                           1.249e+04   5140.784      2.430      0.015    2410.888    2.26e+04
lat                              177.4563    108.208      1.640      0.101     -34.700     389.612
lon                              136.6135     85.075      1.606      0.108     -30.187     303.414
NOM_COMUNA_CERRILLOS            3129.7035   1290.260      2.426      0.015     599.983    5659.424
NOM_COMUNA_CERRO NAVIA          3102.1920   1289.815      2.405      0.016     573.343    5631.041
NOM_COMUNA_CONCHALÍ             3090.9123   1283.444      2.408      0.016     574.555    5607.270
NOM_COMUNA_EL BOSQUE            3124.4051   1290.348      2.421      0.016     594.511    5654.299
NOM_COMUNA_ESTACIÓN CENTRAL     3122.6568   1287.897      2.425      0.015     597.569    5647.744
NOM_COMUNA_HUECHURABA           3093.3877   1281.303      2.414      0.016     581.228    5605.547
NOM_COMUNA_INDEPENDENCIA        3101.6196   1283.506      2.417      0.016     585.141    5618.098
NOM_COMUNA_LA CISTERNA          3135.4776   1288.048      2.434      0.015     610.094    5660.861
NOM_COMUNA_LA FLORIDA           3122.9241   1283.015      2.434      0.015     607.408    5638.440
NOM_COMUNA_LA GRANJA            3119.3992   1285.845      2.426      0.015     598.335    5640.464
NOM_COMUNA_LA PINTANA           3119.0650   1287.713      2.422      0.015     594.338    5643.792
NOM_COMUNA_LA REINA             3116.7596   1277.283      2.440      0.015     612.482    5621.037
NOM_COMUNA_LAS CONDES           3127.7084   1275.845      2.451      0.014     626.251    5629.166
NOM_COMUNA_LO BARNECHEA         3113.1044   1272.301      2.447      0.014     618.595    5607.614
NOM_COMUNA_LO ESPEJO            3117.5739   1290.042      2.417      0.016     588.281    5646.866
NOM_COMUNA_LO PRADO             3119.7841   1288.792      2.421      0.016     592.942    5646.626
NOM_COMUNA_MACUL                3119.4116   1282.046      2.433      0.015     605.796    5633.028
NOM_COMUNA_MAIPÚ                3136.3804   1294.835      2.422      0.015     597.689    5675.072
NOM_COMUNA_PEDRO AGUIRRE CERDA  3106.4596   1286.917      2.414      0.016     583.294    5629.625
NOM_COMUNA_PEÑALOLÉN            3148.0135   1279.564      2.460      0.014     639.263    5656.764
NOM_COMUNA_PROVIDENCIA          3132.5830   1281.237      2.445      0.015     620.552    5644.614
NOM_COMUNA_PUDAHUEL             3137.5414   1292.250      2.428      0.015     603.920    5671.163
NOM_COMUNA_QUILICURA            3097.6590   1286.417      2.408      0.016     575.474    5619.844
NOM_COMUNA_QUINTA NORMAL        3109.4343   1286.747      2.417      0.016     586.601    5632.268
NOM_COMUNA_RECOLETA             3099.9031   1282.091      2.418      0.016     586.199    5613.607
NOM_COMUNA_RENCA                3106.3385   1287.429      2.413      0.016     582.168    5630.509
NOM_COMUNA_SAN JOAQUÍN          3109.6873   1284.551      2.421      0.016     591.159    5628.215
NOM_COMUNA_SAN MIGUEL           3122.8669   1286.062      2.428      0.015     601.376    5644.358
NOM_COMUNA_SAN RAMÓN            3120.6342   1286.889      2.425      0.015     597.522    5643.747
NOM_COMUNA_SANTIAGO             3124.4057   1284.337      2.433      0.015     606.298    5642.513
NOM_COMUNA_VITACURA             3135.1747   1276.119      2.457      0.014     633.179    5637.170
NOM_COMUNA_ÑUÑOA                3129.1372   1280.840      2.443      0.015     617.885    5640.390
==============================================================================
Omnibus:                     9808.189   Durbin-Watson:                   1.994
Prob(Omnibus):                  0.000   Jarque-Bera (JB):        232041789.010
Skew:                          32.126   Prob(JB):                         0.00
Kurtosis:                    1236.034   Cond. No.                     1.38e+16
==============================================================================

Notes:
[1] Standard Errors assume that the covariance matrix of the errors is correctly specified.
[2] The smallest eigenvalue is 1.08e-23. This might indicate that there are
strong multicollinearity problems or that the design matrix is singular.