experiment_005
testing new changes in the evaluation folder organization

0.25
None
Mape 0.5107432991974602
Mdape 0.21212896501319004
Mae 19.465107327201522
Mape deciles
2.703930917299414
0.4613877133665962
0.39657947696713386
0.32405761764951546
0.21289028667668985
0.20472952194091382
0.2435290550242332
0.19624265818992026
0.13465375740340155
0.22571149626234777
Mdape deciles
0.7075811460574815
0.37077371169694073
0.31571646408141696
0.26557378743223214
0.159384687711021
0.16361803392516844
0.2281598976845396
0.18515569388252212
0.11438488079345005
0.17564666077697452
Coefficients:                            OLS Regression Results                            
==============================================================================
Dep. Variable:          avg_UF_per_m2   R-squared:                       0.060
Model:                            OLS   Adj. R-squared:                  0.038
Method:                 Least Squares   F-statistic:                     2.772
Date:                Tue, 17 May 2022   Prob (F-statistic):           5.92e-15
Time:                        21:42:16   Log-Likelihood:                -22170.
No. Observations:                3653   AIC:                         4.451e+04
Df Residuals:                    3570   BIC:                         4.502e+04
Df Model:                          82                                         
Covariance Type:            nonrobust                                         
==================================================================================================
                                     coef    std err          t      P>|t|      [0.025      0.975]
--------------------------------------------------------------------------------------------------
TOTAL_PERS                        -0.0296      0.032     -0.928      0.353      -0.092       0.033
TOTAL_VIVI                        -0.4195      1.775     -0.236      0.813      -3.900       3.061
SHAPE_Leng                        13.7027    318.350      0.043      0.966    -610.463     637.868
SHAPE_Area                      1092.2673   3.25e+05      0.003      0.997   -6.37e+05    6.39e+05
dissimilarity                     -1.4556      1.823     -0.798      0.425      -5.030       2.119
correlation                       93.1399    118.130      0.788      0.430    -138.469     324.748
homogeneity                      -73.8984    141.630     -0.522      0.602    -351.582     203.786
energy                            66.9525    135.111      0.496      0.620    -197.950     331.855
green                             -0.0902      0.340     -0.265      0.791      -0.757       0.577
VIV_PART                           1.1414      2.579      0.442      0.658      -3.916       6.199
VIV_COL                           -1.5608      2.804     -0.557      0.578      -7.058       3.937
VPOMP                              4.8745      1.495      3.261      0.001       1.944       7.805
CANT_HOG                           0.2993      0.390      0.767      0.443      -0.466       1.065
P01_1                             -0.5933      3.432     -0.173      0.863      -7.322       6.135
P01_2                             -0.7333      3.432     -0.214      0.831      -7.462       5.996
P01_3                             -3.5829     10.362     -0.346      0.730     -23.898      16.732
P01_4                             -0.6275      3.503     -0.179      0.858      -7.495       6.240
P01_5                              1.1971      3.574      0.335      0.738      -5.811       8.205
P01_6                              7.1803     20.715      0.347      0.729     -33.434      47.794
P01_7                             -1.6991      3.762     -0.452      0.652      -9.076       5.678
P03A_1                            -2.9606      2.154     -1.374      0.169      -7.185       1.264
P03A_2                            -2.8739      2.151     -1.336      0.182      -7.091       1.344
P03A_3                            -3.4464      2.202     -1.565      0.118      -7.764       0.871
P03A_4                            -5.3498      2.798     -1.912      0.056     -10.835       0.136
P03A_5                            -4.4986      2.725     -1.651      0.099      -9.841       0.844
P03A_6                            -2.2842     11.737     -0.195      0.846     -25.297      20.729
P03B_1                            -2.4105      2.147     -1.123      0.262      -6.621       1.800
P03B_2                            -2.4333      2.171     -1.121      0.262      -6.689       1.823
P03B_3                            -2.6167      2.157     -1.213      0.225      -6.846       1.612
P03B_4                            -0.0297      4.606     -0.006      0.995      -9.061       9.001
P03B_5                             0.1265     16.648      0.008      0.994     -32.514      32.768
P03B_6                            -4.5107     11.273     -0.400      0.689     -26.613      17.592
P03B_7                            -5.5945     14.652     -0.382      0.703     -34.322      23.133
P03C_1                            -4.8807      2.241     -2.178      0.029      -9.275      -0.487
P03C_2                            -5.3945      3.034     -1.778      0.075     -11.343       0.554
P03C_3                            -6.6236      2.978     -2.224      0.026     -12.463      -0.785
P03C_4                            -3.3539      3.875     -0.866      0.387     -10.951       4.243
P03C_5                            -3.7612     12.417     -0.303      0.762     -28.107      20.584
MATACEP                            4.0964      2.244      1.825      0.068      -0.303       8.496
MATREC                             6.0485      3.009      2.010      0.045       0.148      11.949
MATIRREC                           3.3004     12.224      0.270      0.787     -20.665      27.266
P05_1                              1.0467      0.656      1.597      0.110      -0.239       2.332
P05_2                              0.6189      3.043      0.203      0.839      -5.348       6.586
ESCOLARIDAD                       -5.9722      3.307     -1.806      0.071     -12.457       0.512
P17_1                           1.407e+04   7090.116      1.984      0.047     164.461     2.8e+04
P17_2                           1.523e+04   7156.493      2.128      0.033    1197.184    2.93e+04
P17_3                           1.409e+04   7076.556      1.991      0.047     217.809     2.8e+04
P17_4                            1.37e+04   7078.614      1.935      0.053    -182.827    2.76e+04
P17_5                           1.399e+04   7066.794      1.980      0.048     137.677    2.78e+04
P17_6                           1.363e+04   7112.796      1.917      0.055    -312.976    2.76e+04
P17_7                           1.409e+04   7092.094      1.987      0.047     184.348     2.8e+04
P17_8                           1.395e+04   7094.626      1.967      0.049      41.911    2.79e+04
lat                               40.2965    147.735      0.273      0.785    -249.357     329.951
lon                              227.8471    116.710      1.952      0.051      -0.978     456.672
NOM_COMUNA_CERRILLOS            3532.8250   1780.138      1.985      0.047      42.635    7023.015
NOM_COMUNA_CERRO NAVIA          3512.0493   1779.097      1.974      0.048      23.900    7000.199
NOM_COMUNA_CONCHALÍ             3504.2711   1770.406      1.979      0.048      33.163    6975.379
NOM_COMUNA_EL BOSQUE            3520.4108   1780.078      1.978      0.048      30.338    7010.483
NOM_COMUNA_ESTACIÓN CENTRAL     3527.8685   1776.776      1.986      0.047      44.270    7011.467
NOM_COMUNA_HUECHURABA           3522.2570   1767.439      1.993      0.046      56.965    6987.549
NOM_COMUNA_INDEPENDENCIA        3508.8150   1770.440      1.982      0.048      37.640    6979.990
NOM_COMUNA_LA CISTERNA          3537.4666   1776.808      1.991      0.047      53.807    7021.127
NOM_COMUNA_LA FLORIDA           3513.7875   1770.022      1.985      0.047      43.431    6984.144
NOM_COMUNA_LA GRANJA            3508.1436   1773.765      1.978      0.048      30.449    6985.838
NOM_COMUNA_LA PINTANA           3500.0678   1776.273      1.970      0.049      17.456    6982.679
NOM_COMUNA_LA REINA             3522.8964   1762.158      1.999      0.046      67.958    6977.834
NOM_COMUNA_LAS CONDES           3547.8017   1759.987      2.016      0.044      97.121    6998.483
NOM_COMUNA_LO BARNECHEA         3523.7265   1755.094      2.008      0.045      82.638    6964.815
NOM_COMUNA_LO ESPEJO            3512.1067   1779.426      1.974      0.048      23.313    7000.901
NOM_COMUNA_LO PRADO             3527.3150   1777.711      1.984      0.047      41.884    7012.746
NOM_COMUNA_MACUL                3514.3973   1768.546      1.987      0.047      46.935    6981.860
NOM_COMUNA_MAIPÚ                3548.2516   1785.867      1.987      0.047      46.829    7049.674
NOM_COMUNA_PEDRO AGUIRRE CERDA  3504.9484   1775.119      1.974      0.048      24.600    6985.297
NOM_COMUNA_PEÑALOLÉN            3539.8003   1764.766      2.006      0.045      79.749    6999.852
NOM_COMUNA_PROVIDENCIA          3541.9715   1767.352      2.004      0.045      76.850    7007.093
NOM_COMUNA_PUDAHUEL             3556.6220   1782.997      1.995      0.046      60.828    7052.416
NOM_COMUNA_QUILICURA            3521.3833   1774.843      1.984      0.047      41.575    7001.192
NOM_COMUNA_QUINTA NORMAL        3520.3607   1774.905      1.983      0.047      40.430    7000.291
NOM_COMUNA_RECOLETA             3499.7829   1768.473      1.979      0.048      32.463    6967.102
NOM_COMUNA_RENCA                3521.6491   1775.984      1.983      0.047      39.603    7003.695
NOM_COMUNA_SAN JOAQUÍN          3508.5715   1771.992      1.980      0.048      34.353    6982.790
NOM_COMUNA_SAN MIGUEL           3528.7457   1774.178      1.989      0.047      50.241    7007.250
NOM_COMUNA_SAN RAMÓN            3512.6627   1775.407      1.979      0.048      31.748    6993.578
NOM_COMUNA_SANTIAGO             3522.0478   1771.709      1.988      0.047      48.384    6995.711
NOM_COMUNA_VITACURA             3550.7030   1760.522      2.017      0.044      98.972    7002.434
NOM_COMUNA_ÑUÑOA                3535.0238   1766.760      2.001      0.045      71.063    6998.984
==============================================================================
Omnibus:                     9707.931   Durbin-Watson:                   2.006
Prob(Omnibus):                  0.000   Jarque-Bera (JB):        194260457.359
Skew:                          31.356   Prob(JB):                         0.00
Kurtosis:                    1130.984   Cond. No.                     1.31e+16
==============================================================================

Notes:
[1] Standard Errors assume that the covariance matrix of the errors is correctly specified.
[2] The smallest eigenvalue is 1.21e-23. This might indicate that there are
strong multicollinearity problems or that the design matrix is singular.