experiment_024
Polynomials, GLM, Lasso, Ridge and Svm

0.25
None
Mape 0.3764387459362204
Mdape 0.1761561625527691
Mae 22.278297459466927
Mape deciles
1.8512672250079485
0.38604118137597915
0.24809206681654972
0.20303233200517595
0.17882017450467763
0.20152685001409537
0.17736848793052437
0.1583609468671904
0.12767422712967952
0.22915088023549174
Mdape deciles
0.6932107990112348
0.32115903655527345
0.19915823918402345
0.13609105238416588
0.11363018564617605
0.16110766281058303
0.1549309413523296
0.10352476726037081
0.08691819961345566
0.1963639669834143
Coefficients:                            OLS Regression Results                            
==============================================================================
Dep. Variable:          avg_UF_per_m2   R-squared:                       0.154
Model:                            OLS   Adj. R-squared:                  0.133
Method:                 Least Squares   F-statistic:                     7.295
Date:                Wed, 18 May 2022   Prob (F-statistic):           1.83e-77
Time:                        15:09:31   Log-Likelihood:                -19810.
No. Observations:                3653   AIC:                         3.980e+04
Df Residuals:                    3563   BIC:                         4.036e+04
Df Model:                          89                                         
Covariance Type:            nonrobust                                         
==================================================================================================
                                     coef    std err          t      P>|t|      [0.025      0.975]
--------------------------------------------------------------------------------------------------
TOTAL_PERS                        -0.0059      0.006     -0.994      0.320      -0.018       0.006
TOTAL_VIVI                        -0.3667      3.764     -0.097      0.922      -7.747       7.014
SHAPE_Leng                       -31.0960    168.557     -0.184      0.854    -361.574     299.382
SHAPE_Area                      4.368e+04    1.9e+05      0.229      0.819    -3.3e+05    4.17e+05
dissimilarity                     -1.1512      5.755     -0.200      0.841     -12.435      10.133
correlation                      -32.9802   1709.863     -0.019      0.985   -3385.390    3319.429
homogeneity                       58.1187    271.734      0.214      0.831    -474.651     590.888
energy                           218.6958    751.310      0.291      0.771   -1254.346    1691.737
green                             -0.4475      0.355     -1.261      0.208      -1.143       0.248
VIV_PART                           0.2812      1.442      0.195      0.845      -2.546       3.109
VIV_COL                           -0.5962      3.961     -0.151      0.880      -8.363       7.171
VPOMP                              0.5668      0.769      0.737      0.461      -0.941       2.074
CANT_HOG                           0.1494      0.213      0.702      0.483      -0.268       0.567
P01_1                              0.1564      3.057      0.051      0.959      -5.837       6.149
P01_2                              0.0842      3.059      0.028      0.978      -5.914       6.083
P01_3                             -1.4369      6.058     -0.237      0.813     -13.314      10.440
P01_4                              0.0826      3.072      0.027      0.979      -5.940       6.105
P01_5                              0.7266      3.083      0.236      0.814      -5.319       6.772
P01_6                              0.0702      8.111      0.009      0.993     -15.833      15.973
P01_7                              0.7098      3.139      0.226      0.821      -5.445       6.864
P03A_1                            -0.0915      1.108     -0.083      0.934      -2.264       2.081
P03A_2                            -0.0503      1.109     -0.045      0.964      -2.224       2.123
P03A_3                            -0.2220      1.140     -0.195      0.846      -2.457       2.013
P03A_4                            -0.6074      1.466     -0.414      0.679      -3.481       2.267
P03A_5                            -0.5028      1.465     -0.343      0.732      -3.376       2.370
P03A_6                             1.9817      6.127      0.323      0.746     -10.031      13.995
P03B_1                             0.9037      1.136      0.795      0.426      -1.324       3.131
P03B_2                             0.8841      1.143      0.773      0.439      -1.357       3.125
P03B_3                             0.7763      1.141      0.680      0.497      -1.462       3.014
P03B_4                             3.8886      2.314      1.681      0.093      -0.647       8.425
P03B_5                             2.8696      8.120      0.353      0.724     -13.052      18.791
P03B_6                             2.1274      5.801      0.367      0.714      -9.245      13.500
P03B_7                             2.2419      7.617      0.294      0.769     -12.692      17.176
P03C_1                            -2.0593      1.137     -1.811      0.070      -4.289       0.171
P03C_2                            -2.4257      1.594     -1.522      0.128      -5.551       0.700
P03C_3                            -2.0503      1.551     -1.322      0.186      -5.090       0.990
P03C_4                            -2.5225      1.920     -1.314      0.189      -6.286       1.241
P03C_5                            -1.9693      6.432     -0.306      0.759     -14.579      10.641
MATACEP                            0.3531      1.167      0.303      0.762      -1.935       2.641
MATREC                             0.9840      1.597      0.616      0.538      -2.148       4.116
MATIRREC                          -2.0792      6.279     -0.331      0.741     -14.389      10.231
P05_1                              0.1977      0.517      0.382      0.702      -0.817       1.212
P05_2                             -0.9442      2.048     -0.461      0.645      -4.960       3.072
ESCOLARIDAD                        4.8143      1.746      2.757      0.006       1.390       8.238
P17_1                          -9407.9382    1.5e+06     -0.006      0.995   -2.94e+06    2.92e+06
P17_2                          -8874.6925    1.5e+06     -0.006      0.995   -2.94e+06    2.92e+06
P17_3                          -9530.6385    1.5e+06     -0.006      0.995   -2.94e+06    2.92e+06
P17_4                          -9474.2424    1.5e+06     -0.006      0.995   -2.94e+06    2.92e+06
P17_5                          -9454.3132    1.5e+06     -0.006      0.995   -2.94e+06    2.92e+06
P17_6                          -9436.8799    1.5e+06     -0.006      0.995   -2.94e+06    2.92e+06
P17_7                          -9356.8732    1.5e+06     -0.006      0.995   -2.94e+06    2.92e+06
P17_8                          -9367.4985    1.5e+06     -0.006      0.995   -2.94e+06    2.92e+06
lat                            -1.815e+04   4.67e+04     -0.389      0.697    -1.1e+05    7.34e+04
lon                             8077.1385   5.19e+04      0.156      0.876   -9.37e+04     1.1e+05
NOM_COMUNA_CERRILLOS           -2332.7177   3.74e+05     -0.006      0.995   -7.35e+05    7.31e+05
NOM_COMUNA_CERRO NAVIA         -2362.4794   3.74e+05     -0.006      0.995   -7.35e+05    7.31e+05
NOM_COMUNA_CONCHALÍ            -2367.4071   3.74e+05     -0.006      0.995   -7.35e+05    7.31e+05
NOM_COMUNA_EL BOSQUE           -2332.7205   3.74e+05     -0.006      0.995   -7.35e+05    7.31e+05
NOM_COMUNA_ESTACIÓN CENTRAL    -2344.0150   3.74e+05     -0.006      0.995   -7.35e+05    7.31e+05
NOM_COMUNA_HUECHURABA          -2362.1098   3.74e+05     -0.006      0.995   -7.35e+05    7.31e+05
NOM_COMUNA_INDEPENDENCIA       -2357.2020   3.74e+05     -0.006      0.995   -7.35e+05    7.31e+05
NOM_COMUNA_LA CISTERNA         -2320.5311   3.74e+05     -0.006      0.995   -7.35e+05    7.31e+05
NOM_COMUNA_LA FLORIDA          -2331.8319   3.74e+05     -0.006      0.995   -7.35e+05    7.31e+05
NOM_COMUNA_LA GRANJA           -2335.3513   3.74e+05     -0.006      0.995   -7.35e+05    7.31e+05
NOM_COMUNA_LA PINTANA          -2335.0041   3.74e+05     -0.006      0.995   -7.35e+05    7.31e+05
NOM_COMUNA_LA REINA            -2339.4666   3.74e+05     -0.006      0.995   -7.35e+05    7.31e+05
NOM_COMUNA_LAS CONDES          -2331.0299   3.74e+05     -0.006      0.995   -7.35e+05    7.31e+05
NOM_COMUNA_LO BARNECHEA        -2343.0466   3.74e+05     -0.006      0.995   -7.35e+05    7.31e+05
NOM_COMUNA_LO ESPEJO           -2342.3734   3.74e+05     -0.006      0.995   -7.35e+05    7.31e+05
NOM_COMUNA_LO PRADO            -2344.3118   3.74e+05     -0.006      0.995   -7.35e+05    7.31e+05
NOM_COMUNA_MACUL               -2335.9956   3.74e+05     -0.006      0.995   -7.35e+05    7.31e+05
NOM_COMUNA_MAIPÚ               -2329.5895   3.74e+05     -0.006      0.995   -7.35e+05    7.31e+05
NOM_COMUNA_PEDRO AGUIRRE CERDA -2354.7702   3.74e+05     -0.006      0.995   -7.35e+05    7.31e+05
NOM_COMUNA_PEÑALOLÉN           -2309.0091   3.74e+05     -0.006      0.995   -7.35e+05    7.31e+05
NOM_COMUNA_PROVIDENCIA         -2326.7554   3.74e+05     -0.006      0.995   -7.35e+05    7.31e+05
NOM_COMUNA_PUDAHUEL            -2332.6185   3.74e+05     -0.006      0.995   -7.35e+05    7.31e+05
NOM_COMUNA_QUILICURA           -2365.6570   3.74e+05     -0.006      0.995   -7.35e+05    7.31e+05
NOM_COMUNA_QUINTA NORMAL       -2351.9727   3.74e+05     -0.006      0.995   -7.35e+05    7.31e+05
NOM_COMUNA_RECOLETA            -2359.8109   3.74e+05     -0.006      0.995   -7.35e+05    7.31e+05
NOM_COMUNA_RENCA               -2356.3646   3.74e+05     -0.006      0.995   -7.35e+05    7.31e+05
NOM_COMUNA_SAN JOAQUÍN         -2339.5070   3.74e+05     -0.006      0.995   -7.35e+05    7.31e+05
NOM_COMUNA_SAN MIGUEL          -2331.8589   3.74e+05     -0.006      0.995   -7.35e+05    7.31e+05
NOM_COMUNA_SAN RAMÓN           -2331.1333   3.74e+05     -0.006      0.995   -7.35e+05    7.31e+05
NOM_COMUNA_SANTIAGO            -2345.4035   3.74e+05     -0.006      0.995   -7.35e+05    7.31e+05
NOM_COMUNA_VITACURA            -2322.5881   3.74e+05     -0.006      0.995   -7.35e+05    7.31e+05
NOM_COMUNA_ÑUÑOA               -2328.4446   3.74e+05     -0.006      0.995   -7.35e+05    7.31e+05
energy_sq                       -213.5147    776.666     -0.275      0.783   -1736.269    1309.240
green_sq                           0.0085      0.009      0.942      0.346      -0.009       0.026
correlation_sq                    42.6549   1006.742      0.042      0.966   -1931.194    2016.504
homogeneity_sq                   -58.7042    737.907     -0.080      0.937   -1505.466    1388.058
dissimilarity_sq                   0.0453      0.163      0.277      0.782      -0.275       0.366
lat_sq                          -274.6330    697.243     -0.394      0.694   -1641.669    1092.402
lon_sq                            56.6019    367.662      0.154      0.878    -664.248     777.452
==============================================================================
Omnibus:                     9509.639   Durbin-Watson:                   1.992
Prob(Omnibus):                  0.000   Jarque-Bera (JB):        219460615.113
Skew:                          29.565   Prob(JB):                         0.00
Kurtosis:                    1202.311   Cond. No.                     1.20e+16
==============================================================================

Notes:
[1] Standard Errors assume that the covariance matrix of the errors is correctly specified.
[2] The smallest eigenvalue is 6.69e-22. This might indicate that there are
strong multicollinearity problems or that the design matrix is singular.