experiment_031
ALL!!!!!

0.25
None
Mape 0.36771821533335264
Mdape 0.17089233994750164
Mae 21.923697258137246
Mape deciles
1.829824332213605
0.4081545331657697
0.24021850829198307
0.18443897369849133
0.1635334323628304
0.1735704358456774
0.15431911629293452
0.141814560907004
0.12737098557659474
0.2506858131698223
Mdape deciles
0.7368832898695978
0.3624136063797776
0.19644670763629482
0.13292359241430224
0.12792622126203682
0.14779436253585115
0.14553269034704566
0.10097242368043252
0.08631420996089226
0.2191115806875037
